1
0
3
0
1
0
26
9
154 121 8
158 147 8
154 151 8
158 155 8
154 160 8
154 131 9
154 54 8
154 58 8
154 64 8
154 68 8
154 95 8
152 171 4
154 114 4
154 117 4
152 135 4
152 143 4
152 144 4
152 170 0
155 176 0
152 170 1
152 176 1
154 115 0
152 136 0
152 110 2
152 111 2
152 112 2
152 113 2
151 114 2
155 115 2
151 116 2
151 117 2
152 118 2
152 119 2
152 151 2
152 152 2
152 153 2
152 154 2
152 155 2
152 156 2
152 143 3
152 144 3
154 154 3
152 72 2
152 73 2
152 48 3
152 49 3
151 26 2
155 25 2
151 24 2
152 133 5
151 151 5
151 152 5
155 153 5
155 154 5
155 155 5
151 156 5
151 111 6
151 112 6
155 113 6
151 114 6
151 115 6
155 116 6
151 117 6
151 118 6
151 119 6
152 130 6
152 174 6
154 99 8
151 27 6
151 25 6
155 24 6
151 23 6
