2
3
3
115
0
1
2
143184
15
8
158 163 9 3
154 174 10 3
154 184 10 3
154 186 10 3
158 118 9 3
154 127 10 3
154 129 10 3
151 155 7 2
155 156 7 11
151 157 7 2
155 158 7 11
151 159 7 2
151 160 7 2
155 161 7 11
151 162 7 2
151 163 7 2
154 105 7 3
154 107 7 3
151 102 8 2
151 103 8 2
151 104 8 2
151 105 8 2
151 106 8 2
151 107 8 2
151 108 8 2
158 62 9 3
154 65 10 3
159 1 9 1
158 52 6 3
152 59 7 2
152 60 7 2
152 63 7 2
152 64 7 2
152 67 7 2
152 68 7 2
152 99 7 2
154 40 8 3
154 28 9 3
152 190 4 2
152 191 4 2
151 111 4 2
151 112 4 2
151 113 4 2
151 114 4 2
151 115 4 2
151 116 4 2
155 122 4 11
155 123 4 11
152 124 4 2
152 126 4 2
155 127 4 11
155 128 4 11
154 141 5 3
154 145 5 3
152 190 1 2
152 191 1 2
152 190 2 2
152 191 2 2
154 113 3 3
154 115 3 3
152 124 3 2
152 126 3 2
152 190 3 2
152 191 3 2
154 91 1 3
152 39 0 2
152 40 0 2
152 41 0 2
152 28 1 2
152 28 2 2
151 38 2 2
151 39 2 2
151 40 2 2
151 41 2 2
151 42 2 2
151 83 2 2
151 84 2 2
151 85 2 2
152 86 2 2
152 87 2 2
152 88 2 2
152 89 2 2
151 90 2 2
151 91 2 2
151 92 2 2
151 93 2 2
151 94 2 2
151 9 2 2
155 10 2 11
155 11 2 11
151 12 2 2
152 74 5 2
152 75 5 2
156 170 5 13
155 28 6 11
151 38 6 2
155 39 6 11
151 40 6 2
155 41 6 11
151 42 6 2
154 54 6 3
152 59 6 2
152 60 6 2
152 63 6 2
152 64 6 2
152 67 6 2
152 68 6 2
152 74 6 2
152 75 6 2
152 99 6 2
152 134 6 2
152 135 6 2
152 136 6 2
152 137 6 2
155 141 6 11
154 158 6 3
154 160 6 3
157 175 6 13
151 6 6 2
151 7 6 2
151 8 6 2
155 9 6 12
155 10 6 12
155 11 6 12
157 12 6 2
151 13 6 2
151 14 6 2
151 15 6 2
